sentence_similarity values: tensor([0.8383, 0.8138, 0.7859, 0.8182, 0.8107, 0.8162, 0.8223, 0.8045, 0.7826,
        0.8197, 0.7965, 0.8057, 0.8436, 0.8271, 0.7938, 0.8044, 0.7508, 0.7887,
        0.7858, 0.8058, 0.7972, 0.7545, 0.7535, 0.7125, 0.7035, 0.7568, 0.7001,
        0.7341, 0.7445, 0.6799, 0.7696, 0.7931, 0.7910, 0.7481, 0.7423, 0.8098,
        0.7713, 0.7679, 0.7606, 0.7474, 0.7859, 0.7243, 0.7158, 0.6826, 0.6811])

sentence_similarity average: 0.7720412611961365

diversity: 0.22795873880386353

