sentence_similarity values: tensor([0.8656, 0.8936, 0.8641, 0.8618, 0.8415, 0.8450, 0.8690, 0.8689, 0.8363,
        0.8831, 0.9142, 0.9336, 0.9219, 0.8860, 0.9144, 0.8203, 0.8832, 0.8884,
        0.8821, 0.8524, 0.8382, 0.8679, 0.8191, 0.8388, 0.9130, 0.9238, 0.8738,
        0.9109, 0.8288, 0.8922, 0.9072, 0.8783, 0.9037, 0.8311, 0.8939, 0.8916,
        0.8977, 0.8349, 0.8835, 0.8901, 0.8199, 0.8655, 0.8340, 0.9039, 0.8314])

sentence_similarity average: 0.8733059167861938

diversity: 0.12669408321380615

