sentence_similarity values: tensor([0.8701, 0.8714, 0.8975, 0.8632, 0.8695, 0.8519, 0.8615, 0.8502, 0.8454,
        0.8696, 0.8898, 0.8592, 0.8612, 0.8302, 0.8733, 0.8648, 0.8524, 0.8511,
        0.9113, 0.8912, 0.8490, 0.8992, 0.9115, 0.8707, 0.8337, 0.8580, 0.8855,
        0.8466, 0.8419, 0.7991, 0.8764, 0.8020, 0.8833, 0.8453, 0.8693, 0.8116,
        0.8932, 0.8503, 0.8281, 0.8418, 0.8473, 0.8060, 0.8530, 0.8554, 0.8290])

sentence_similarity average: 0.8582621216773987

diversity: 0.14173787832260132

