sentence_similarity values: tensor([0.8253, 0.8251, 0.8745, 0.7514, 0.8207, 0.7933, 0.8220, 0.7785, 0.7296,
        0.8407, 0.8607, 0.8441, 0.8433, 0.7769, 0.8320, 0.7860, 0.8038, 0.8346,
        0.7999, 0.8581, 0.7647, 0.8168, 0.7908, 0.7974, 0.7908, 0.8449, 0.8195,
        0.8457, 0.8049, 0.7716, 0.8013, 0.7376, 0.8016, 0.7618, 0.7298, 0.7536,
        0.8488, 0.7662, 0.7787, 0.7964, 0.7767, 0.7206, 0.8342, 0.8259, 0.7391])

sentence_similarity average: 0.8004413843154907

diversity: 0.19955861568450928

