sentence_similarity values: tensor([0.8323, 0.8384, 0.6935, 0.8702, 0.7798, 0.8118, 0.8063, 0.8928, 0.8024,
        0.7969, 0.7078, 0.8483, 0.7805, 0.8867, 0.8061, 0.8376, 0.8272, 0.7583,
        0.8745, 0.8059, 0.8356, 0.8927, 0.8644, 0.8123, 0.6930, 0.7872, 0.7362,
        0.7355, 0.7795, 0.7581, 0.8081, 0.8772, 0.8691, 0.8471, 0.8297, 0.8271,
        0.8343, 0.8343, 0.8021, 0.8695, 0.8485, 0.8382, 0.8454, 0.8195, 0.8858])

sentence_similarity average: 0.8174983263015747

diversity: 0.1825016736984253

