sentence_similarity values: tensor([0.8066, 0.7954, 0.7166, 0.8520, 0.8062, 0.7331, 0.7230, 0.7975, 0.6132,
        0.8215, 0.8115, 0.8231, 0.7961, 0.7429, 0.7701, 0.7939, 0.6624, 0.8397,
        0.8471, 0.8219, 0.7589, 0.8124, 0.8129, 0.6679, 0.8239, 0.8248, 0.8189,
        0.7722, 0.7885, 0.7576, 0.8558, 0.8098, 0.7638, 0.8081, 0.7197, 0.7812,
        0.7698, 0.8241, 0.6891, 0.7975, 0.8401, 0.7796, 0.7783, 0.6997, 0.6647])

sentence_similarity average: 0.7776230573654175

diversity: 0.22237694263458252

