sentence_similarity values: tensor([0.8642, 0.8777, 0.8719, 0.8478, 0.8170, 0.8386, 0.8042, 0.8001, 0.7674,
        0.8689, 0.8705, 0.7987, 0.8413, 0.8472, 0.8462, 0.8302, 0.8180, 0.8859,
        0.8348, 0.7675, 0.8711, 0.8390, 0.7974, 0.7676, 0.8487, 0.8030, 0.8603,
        0.8656, 0.7929, 0.8044, 0.7268, 0.8580, 0.8060, 0.7670, 0.7598, 0.7705,
        0.7578, 0.7559, 0.7244, 0.8691, 0.7761, 0.7739, 0.7744, 0.7891, 0.7518])

sentence_similarity average: 0.8135262131690979

diversity: 0.1864737868309021

