sentence_similarity values: tensor([0.8481, 0.7722, 0.8499, 0.7236, 0.8118, 0.8548, 0.7846, 0.8410, 0.7643,
        0.7864, 0.8304, 0.7624, 0.8174, 0.8929, 0.7566, 0.8777, 0.7881, 0.7611,
        0.7059, 0.7856, 0.7683, 0.7582, 0.7876, 0.7689, 0.7116, 0.8441, 0.7937,
        0.8049, 0.8667, 0.7845, 0.7206, 0.7764, 0.8193, 0.8248, 0.7303, 0.8225,
        0.8334, 0.8578, 0.8069, 0.7923, 0.8784, 0.7954, 0.8409, 0.8216, 0.7703])

sentence_similarity average: 0.7998762130737305

diversity: 0.20012378692626953

