sentence_similarity values: tensor([0.8198, 0.8022, 0.8239, 0.7805, 0.7667, 0.7910, 0.7372, 0.7815, 0.7754,
        0.7948, 0.8638, 0.8473, 0.8330, 0.8181, 0.8199, 0.8013, 0.7847, 0.8196,
        0.8726, 0.7939, 0.8336, 0.8136, 0.7737, 0.8376, 0.8652, 0.8311, 0.7881,
        0.8065, 0.8371, 0.8109, 0.8258, 0.8262, 0.8416, 0.7930, 0.8638, 0.7772,
        0.8754, 0.8204, 0.7967, 0.8100, 0.7729, 0.8078, 0.7770, 0.8070, 0.7471])

sentence_similarity average: 0.8103712201118469

diversity: 0.18962877988815308

