sentence_similarity values: tensor([0.8591, 0.8302, 0.8289, 0.8838, 0.8607, 0.8883, 0.8869, 0.8716, 0.8778,
        0.8607, 0.9064, 0.8671, 0.8683, 0.8794, 0.8491, 0.8753, 0.8483, 0.8801,
        0.8781, 0.8401, 0.8466, 0.8506, 0.8435, 0.8675, 0.8712, 0.8426, 0.8324,
        0.8750, 0.8542, 0.8594, 0.8672, 0.8689, 0.8904, 0.9038, 0.8642, 0.9030,
        0.8590, 0.8505, 0.8103, 0.8840, 0.8587, 0.8397, 0.8702, 0.8475, 0.8893])

sentence_similarity average: 0.8642162084579468

diversity: 0.13578379154205322

