sentence_similarity values: tensor([0.8612, 0.8434, 0.7898, 0.8152, 0.8610, 0.8237, 0.6826, 0.8180, 0.8053,
        0.8244, 0.8821, 0.8107, 0.8438, 0.7913, 0.7413, 0.8882, 0.7844, 0.7840,
        0.8741, 0.8770, 0.8491, 0.8172, 0.8613, 0.8105, 0.7928, 0.7874, 0.7551,
        0.7204, 0.8336, 0.8087, 0.8438, 0.8261, 0.8085, 0.8311, 0.8065, 0.8364,
        0.7483, 0.8180, 0.8019, 0.7720, 0.8112, 0.8238, 0.7868, 0.7537, 0.8136])

sentence_similarity average: 0.8115370869636536

diversity: 0.18846291303634644

