sentence_similarity values: tensor([0.8490, 0.7935, 0.7624, 0.7482, 0.7755, 0.8483, 0.7483, 0.7452, 0.7807,
        0.7963, 0.7918, 0.7565, 0.7424, 0.8550, 0.7528, 0.7605, 0.8134, 0.7316,
        0.7692, 0.7448, 0.7837, 0.7679, 0.7653, 0.7557, 0.7071, 0.6980, 0.7718,
        0.7070, 0.7690, 0.7554, 0.7439, 0.7615, 0.7096, 0.7256, 0.7679, 0.8266,
        0.6918, 0.8443, 0.7688, 0.7492, 0.8067, 0.7894, 0.7410, 0.7312, 0.7824])

sentence_similarity average: 0.7663556337356567

diversity: 0.23364436626434326

