sentence_similarity values: tensor([0.8328, 0.7690, 0.8774, 0.8433, 0.8105, 0.8084, 0.8477, 0.7740, 0.7842,
        0.7782, 0.8353, 0.8636, 0.8097, 0.8466, 0.8204, 0.7547, 0.8412, 0.8129,
        0.7808, 0.7787, 0.8226, 0.8428, 0.8016, 0.7641, 0.8335, 0.8442, 0.8278,
        0.9039, 0.8145, 0.8048, 0.8083, 0.8579, 0.8661, 0.7937, 0.8407, 0.8016,
        0.8559, 0.7190, 0.8279, 0.8432, 0.8081, 0.8231, 0.8406, 0.8423, 0.7787])

sentence_similarity average: 0.8185864090919495

diversity: 0.18141359090805054

