sentence_similarity values: tensor([0.8548, 0.8750, 0.8627, 0.7751, 0.8334, 0.8059, 0.8496, 0.7917, 0.7784,
        0.8815, 0.8428, 0.8250, 0.8163, 0.7982, 0.8715, 0.8079, 0.8195, 0.8654,
        0.8096, 0.8215, 0.8187, 0.8536, 0.8398, 0.8269, 0.7703, 0.8621, 0.8292,
        0.8290, 0.8059, 0.8232, 0.7100, 0.7848, 0.7990, 0.7441, 0.7161, 0.7727,
        0.8188, 0.8071, 0.8259, 0.7892, 0.7915, 0.7845, 0.7840, 0.7967, 0.8307])

sentence_similarity average: 0.8133289813995361

diversity: 0.18667101860046387

