sentence_similarity values: tensor([0.8525, 0.8383, 0.8573, 0.7837, 0.8329, 0.8115, 0.7768, 0.8601, 0.7837,
        0.8348, 0.8321, 0.7952, 0.8089, 0.8634, 0.8422, 0.8393, 0.8202, 0.7867,
        0.8048, 0.8179, 0.7841, 0.7559, 0.8540, 0.7691, 0.8389, 0.8569, 0.8334,
        0.8534, 0.8568, 0.8609, 0.8191, 0.8270, 0.7856, 0.8046, 0.7780, 0.8213,
        0.8024, 0.8429, 0.8157, 0.7950, 0.8212, 0.8250, 0.8059, 0.8212, 0.8142])

sentence_similarity average: 0.8196674585342407

diversity: 0.18033254146575928

