sentence_similarity values: tensor([0.8192, 0.8688, 0.7577, 0.7956, 0.7891, 0.7747, 0.7935, 0.7949, 0.8383,
        0.8253, 0.8464, 0.7932, 0.7701, 0.8187, 0.7194, 0.7867, 0.7879, 0.8038,
        0.8001, 0.7925, 0.8649, 0.7933, 0.8328, 0.8469, 0.7761, 0.7638, 0.7975,
        0.6858, 0.7875, 0.8000, 0.8680, 0.7913, 0.8114, 0.8340, 0.7932, 0.7619,
        0.7692, 0.8167, 0.7758, 0.7790, 0.8373, 0.8692, 0.7753, 0.7757, 0.7973])

sentence_similarity average: 0.7995513081550598

diversity: 0.20044869184494019

