sentence_similarity values: tensor([0.8490, 0.8272, 0.8178, 0.8082, 0.8784, 0.8517, 0.8482, 0.8708, 0.8653,
        0.8360, 0.8511, 0.8266, 0.8473, 0.8800, 0.7942, 0.8710, 0.8531, 0.8743,
        0.8922, 0.8409, 0.8602, 0.8491, 0.8392, 0.8933, 0.8256, 0.7989, 0.8907,
        0.7850, 0.8235, 0.8952, 0.8585, 0.8716, 0.8487, 0.8563, 0.8692, 0.8465,
        0.8921, 0.8827, 0.8347, 0.8221, 0.8755, 0.8687, 0.8832, 0.8392, 0.8553])

sentence_similarity average: 0.852180540561676

diversity: 0.14781945943832397

