sentence_similarity values: tensor([0.8295, 0.8043, 0.8661, 0.8145, 0.8226, 0.8155, 0.7732, 0.7273, 0.8058,
        0.8183, 0.8521, 0.8265, 0.8259, 0.8005, 0.8087, 0.7877, 0.8151, 0.7836,
        0.8115, 0.7661, 0.7539, 0.7083, 0.7308, 0.8185, 0.7932, 0.8403, 0.8127,
        0.8059, 0.7877, 0.8205, 0.7767, 0.7716, 0.7678, 0.7523, 0.8301, 0.7900,
        0.7582, 0.8012, 0.7937, 0.7550, 0.7150, 0.7847, 0.7581, 0.7682, 0.7523])

sentence_similarity average: 0.7911437749862671

diversity: 0.2088562250137329

