sentence_similarity values: tensor([0.8529, 0.8508, 0.8220, 0.7342, 0.7681, 0.7793, 0.7533, 0.8287, 0.7534,
        0.8413, 0.7485, 0.7624, 0.7939, 0.7722, 0.6864, 0.7831, 0.7109, 0.7691,
        0.7280, 0.7773, 0.7683, 0.7042, 0.7395, 0.7701, 0.6621, 0.7191, 0.7215,
        0.6840, 0.7527, 0.6836, 0.7285, 0.7847, 0.7813, 0.7172, 0.7518, 0.7389,
        0.6746, 0.6741, 0.6873, 0.8011, 0.7051, 0.7453, 0.7136, 0.7315, 0.6778])

sentence_similarity average: 0.7474257349967957

diversity: 0.25257426500320435

