sentence_similarity values: tensor([0.9328, 0.9068, 0.9231, 0.9246, 0.8740, 0.8727, 0.9033, 0.7865, 0.8889,
        0.8998, 0.9050, 0.9166, 0.8825, 0.8629, 0.8894, 0.8020, 0.8909, 0.9067,
        0.8968, 0.8732, 0.8522, 0.9031, 0.8077, 0.8800, 0.8970, 0.8573, 0.8791,
        0.9086, 0.7892, 0.8781, 0.8946, 0.8609, 0.8761, 0.8074, 0.8902, 0.8445,
        0.8623, 0.8339, 0.8355, 0.9064, 0.8781, 0.8328, 0.8760, 0.9027, 0.7969])

sentence_similarity average: 0.873089075088501

diversity: 0.12691092491149902

